00 00 3181 01
00 01 2609 05
00 02 2297 07
00 03 3739 07
00 04 1277 03
00 05 3167 03
00 06 2531 02
00 07 2393 06
00 08 2243 04
00 09 1549 07
00 10 3659 06
00 11 1453 04
01 00 1571 04
01 01 1987 06
01 02 2803 04
01 03 3767 03
01 04 3109 02
01 05 1289 03
01 06 1231 03
01 07 2269 06
01 08 2309 01
01 09 3637 05
01 10 1993 03
01 11 2969 05
02 00 3833 01
02 01 2447 06
02 02 2647 02
02 03 2903 07
02 04 2549 02
02 05 1483 02
02 06 3541 04
02 07 1447 01
02 08 1889 05
02 09 3779 07
02 10 1193 02
02 11 2137 04
03 00 3943 05
03 01 1627 01
03 02 2383 04
03 03 2791 07
03 04 3361 01
03 05 3011 02
03 06 3119 01
03 07 2441 04
03 08 1951 03
03 09 3203 06
03 10 1051 01
03 11 1531 02
04 00 2203 02
04 01 1613 02
04 02 3881 02
04 03 1601 06
04 04 2207 04
04 05 3001 01
04 06 1321 03
04 07 2503 02
04 08 2707 07
04 09 2027 05
04 10 3733 06
04 11 1481 04
05 00 2579 04
05 01 2699 04
05 02 3169 04
05 03 1609 01
05 04 1499 02
05 05 1867 06
05 06 3023 05
05 07 3083 03
05 08 3061 05
05 09 3359 01
05 10 2053 01
05 11 2879 04
06 00 1061 04
06 01 1283 03
06 02 2687 01
06 03 2161 05
06 04 1229 05
06 05 1999 02
06 06 2861 06
06 07 3343 06
06 08 2551 04
06 09 2273 06
06 10 1307 05
06 11 2837 05
07 00 1361 03
07 01 2957 06
07 02 3041 07
07 03 1439 05
07 04 1621 05
07 05 2473 04
07 06 1741 07
07 07 2389 07
07 08 1471 01
07 09 3433 01
07 10 2851 07
07 11 2719 01
08 00 3163 05
08 01 1913 02
08 02 3863 02
08 03 2819 02
08 04 2399 02
08 05 1151 05
08 06 1489 01
08 07 1733 04
08 08 2939 03
08 09 1861 01
08 10 2731 06
08 11 2693 06
09 00 1871 04
09 01 3391 06
09 02 2089 01
09 03 2971 07
09 04 2437 04
09 05 3623 03
09 06 3389 01
09 07 3559 06
09 08 3407 02
09 09 2423 05
09 10 2111 02
09 11 3823 01
10 00 2909 05
10 01 1097 05
10 02 1669 06
10 03 2213 06
10 04 3067 02
10 05 2953 01
10 06 3347 07
10 07 1213 04
10 08 2069 01
10 09 1559 03
10 10 1543 01
10 11 1699 01
11 00 2543 05
11 01 3847 04
11 02 3037 07
11 03 3499 02
11 04 3533 04
11 05 2333 01
11 06 3719 01
11 07 1291 05
11 08 3121 01
11 09 1009 06
11 10 1019 06
11 11 1459 07
